2036
2022
2067
2044
3795
3796
2454
10
2674
2675
11
18
17
3803
23
3806
2612
2749
3810
2957
25
28
3739
30
32
34
33
2852
52
3556
53
2014
54
2533
56
2534
2918
3136
3583
59
62
63
64
2357
3587
3892
3893
3894
3363
77
3364
3138
2021
3931
2678
3140
88
2535
3210
2537
2856
99
2026
102
2613
3978
2963
106
109
3741
2518
2479
127
3141
132
2032
133
2965
134
2232
3074
3589
2538
143
139
137
2680
2141
4053
1
160
3401
4064
164
3366
174
2938
177
2939
178
181
4095
2540
3146
3147
4114
184
3164
189
2541
2039
4118
2784
192
194
196
2618
2681
200
2664
201
203
208
210
214
2682
215
218
219
220
2751
244
225
227
229
233
234
4205
2862
240
3404
242
4208
2231
255
2619
3593
2864
262
2786
2063
4248
264
266
267
278
280
4271
250
299
297
301
304
2543
3148
4298
2865
309
3149
312
313
314
315
316
480
319
321
326
2967
2620
2544
334
4340
2142
338
2545
2546
2686
4350
348
349
352
353
3152
3217
359
3595
368
369
370
373
2734
374
4442
376
377
3218
378
2481
380
381
2688
383
3220
387
388
2547
2756
2515
391
392
393
4471
395
3368
3154
396
397
2792
2089
398
3221
4499
401
4500
402
408
411
413
3732
417
2942
2943
2944
2945
2947
2947
2093
420
4533
421
4535
2094
2689
435
436
2690
3369
2096
2097
2948
443
3301
4570
3302
3128
3303
447
4580
448
2691
3304
3305
2692
450
453
2277
2278
3524
4605
2869
457
462
463
464
3307
3415
474
2625
486
489
492
491
493
2516
498
499
505
2762
506
507
4669
4672
509
512
513
2972
516
2973
2974
2975
527
528
2626
3309
3525
2519
529
2977
2123
2240
2125
534
537
539
4735
542
3729
2950
3310
548
549
562
3560
563
2548
566
4784
3598
576
3599
573
584
3156
585
2628
3223
3224
3225
3226
705
595
2551
2156
598
603
2552
2554
604
621
2797
623
627
2558
2560
3311
3370
4480
636
2362
2561
2150
643
650
2562
651
2563
4907
664
669
3161
673
2167
688
4953
714
4959
715
717
718
2921
722
723
2171
725
2630
727
3313
731
2175
739
736
2013
745
746
2698
747
2699
3230
3231
749
3526
756
2178
2179
2180
757
3529
758
764
3603
776
2952
3223
2182
2183
782
3166
784
2435
3316
795
2703
801
3374
803
3437
805
2186
812
3376
3325
3378
3438
2069
822
819
820
824
825
3167
826
3168
5199
2880
2805
3678
2116
833
2190
2634
837
865
866
2361
868
869
2738
2194
876
2985
2808
3173
5323
2883
3052
2195
2408
899
2988
5347
891
2955
893
898
901
2452
851
3319
903
904
908
3239
2705
863
3174
2047
2046
2048
2050
2051
2052
2053
2054
2055
2056
2045
2049
2057
3765
3679
949
950
951
2572
2574
3097
3241
3284
962
965
3682
972
974
975
2816
2817
980
3322
981
979
983
984
987
2708
989
3757
990
3680
991
998
2635
2201
2200
1002
1003
1004
1010
1016
1017
1022
1026
1031
920
924
5606
2668
2230
1035
1039
5609
2113
2367
1042
1044
3129
5625
2252
5630
2253
1047
2887
2210
1058
1059
2576
1065
1068
1069
3131
1072
1081
1082
3352
1087
2388
2227
1089
3326
1090
1092
2217
1093
3541
1094
1096
2218
2219
1098
1101
2713
2220
3380
2715
1104
2716
1105
3245
1267
2221
1117
3452
5803
1122
1124
1125
3101
2222
5810
3381
2225
2717
2514
1134
2237
2578
1139
1268
1142
2582
2238
1148
1151
1158
2246
2244
1163
2239
1164
1168
1175
3053
5865
1178
3616
2770
2772
5875
2249
1187
2512
1196
2586
2588
1207
2638
2370
1214
1215
3054
1226
1229
1231
3056
5918
2719
1234
1238
3332
3181
2590
2996
3105
1253
3460
3566
6020
1260
2259
2642
1263
6048
2997
2645
1266
3385
1270
2272
1282
1272
1274
3334
1277
1289
1269
1290
2595
1292
1293
1294
2596
6085
3186
1295
3005
6093
2276
2937
1299
2895
1298
1301
1302
1306
2282
3059
1308
1310
3336
1312
1313
1323
1326
2226
1336
2774
3013
3014
3060
3017
2478
6149
2451
2517
2529
2485
2521
2468
2502
2495
2445
2486
2450
2288
1354
3470
1356
1357
1359
3473
1367
3020
1374
2721
1384
2298
1385
1386
2597
1388
1390
3021
3022
3062
1393
1395
1394
2646
1396
1397
6246
3064
3024
3025
3189
6253
2897
1400
1402
6261
1404
1414
1415
3027
3546
2308
1417
3548
3190
6313
1423
3481
3483
2900
2321
1434
2324
2323
3762
6355
6358
1444
1450
2648
2338
1455
1457
2337
1458
2334
2229
1459
1462
2650
1467
1468
1471
1473
1476
1477
2341
6414
3912
1484
1485
2364
1486
1487
2652
3623
1491
2722
1493
3256
1497
1501
1525
2654
2349
2348
2353
1534
1536
1538
3568
1540
1551
3036
1557
1558
2360
1560
3037
3258
3758
1570
3196
1575
1582
1580
1583
3039
1588
2461
1594
3118
1608
2480
1610
1625
2602
2834
1626
1620
6609
2837
1645
1646
3573
1649
1650
1651
1653
1655
3574
2466
1657
1658
1662
3259
1667
3575
3577
3576
2012
1693
2372
6651
1702
6674
1714
1722
1723
1727
3552
1728
3260
1729
3491
1639
1640
1742
1743
3494
2356
2841
1753
2387
2657
1770
1772
1774
1777
1780
2747
3200
2118
1781
2392
1785
1786
1792
1795
2154
1796
1798
1800
3394
1802
2908
1807
3289
3290
1811
1814
1815
1642
1643
1818
2234
2398
3354
2779
6873
2845
1825
1823
1829
2402
1835
1838
3263
3043
2606
1845
1848
1849
1857
1852
1860
1864
1865
1869
3635
1870
1871
2914
1872
1873
2913
2660
1875
1879
1881
1885
1886
2661
1890
1893
1900
3360
1899
1896
3581
2347
3511
1916
1917
1918
7079
1920
1923
3265
1928
3582
1929
1932
1933
2415
1935
2915
1937
3513
1942
2295
1944
1945
1950
2419
2420
1951
1961
1964
1967
2956
1971
1972
1974
1975
3124
1982
1984
1985
3681
1988
2428
1990
2783
1995
1996
1997
2611
7291
2000
3518
2006
2434
2438
